--[[
 _____                     _   _             ____                                                              
 |  ___|__  _   _ _ __   __| | | |__  _   _  |  _ \ ___  _ __ ___   __ _ _ __   ___ ______ ___      ____ _ _ __ 
 | |_ / _ \| | | | '_ \ / _` | | '_ \| | | | | |_) / _ \| '_ ` _ \ / _` | '_ \ / _ \_  / _` \ \ /\ / / _` | '__|
 |  _| (_) | |_| | | | | (_| | | |_) | |_| | |  _ < (_) | | | | | | (_| | | | | (_) / / (_| |\ V  V / (_| | |   
 |_|  \___/ \__,_|_| |_|\__,_| |_.__/ \__, | |_| \_\___/|_| |_| |_|\__,_|_| |_|\___/___\__,_| \_/\_/ \__,_|_|   
                                      |___/                                                                     

----------------------------------------------------------------------------------

Hi im find that script for you! also im recomend to join to my Telegram!
👇----------------------------👇
https://t.me/+wG_T346rs4JjYWE0

Script:
🔽------------------------------------------------------🔽
--]]

--=============================================================--
--                    CONFIGURATION TABLE                       --
--=============================================================--
local CONFIG = {
	-- General Settings
	ScriptVersion = "2.0.0",
	DebugMode = false,
	
	-- Combat Settings
	BaseDamage = 25,
	CriticalMultiplier = 2.5,
	CriticalChance = 15,
	AttackCooldown = 0.7,
	ComboWindow = 1.5,
	MaxCombo = 5,
	
	-- Phase Settings
	Phase1Threshold = 100,
	Phase2Threshold = 50,
	Phase3Threshold = 25,
	
	-- Visual Settings
	PrimaryColor = Color3.new(1, 0, 0),
	SecondaryColor = Color3.new(0, 0, 0),
	TertiaryColor = Color3.new(0.5, 0, 0),
	GlowIntensity = 1,
	ParticleRate = 100,
	
	-- Movement Settings
	TeleportCooldown = 2,
	DashSpeed = 100,
	DashDuration = 0.3,
	DashCooldown = 1.5,
	
	-- Ability Settings
	GrabRange = 50,
	GrabDamagePerTick = 10,
	GrabTicks = 10,
	
	-- AOE Settings
	AOERadius = 30,
	AOEDamage = 50,
	AOECooldown = 5,
	
	-- Beam Settings
	BeamDamage = 40,
	BeamLength = 200,
	BeamWidth = 3,
	BeamDuration = 2,
	BeamCooldown = 4,
	
	-- Shield Settings
	ShieldDuration = 5,
	ShieldCooldown = 15,
	
	-- Meteor Settings
	MeteorCount = 8,
	MeteorDamage = 60,
	MeteorRadius = 15,
	MeteorCooldown = 10,
	
	-- Pillar Settings
	PillarCount = 6,
	PillarDamage = 35,
	PillarHeight = 50,
	PillarCooldown = 7,
	
	-- Sound IDs
	Sounds = {
		Slash = "rbxassetid://28144425",
		Hit = "rbxassetid://429400881",
		Teleport = "rbxassetid://2767090",
		Burn = "rbxassetid://32791565",
		Music1 = "rbxassetid://151038517",
		Music2 = "rbxassetid://11984351",
		DeathMusic = "rbxassetid://19094700",
		DeathExplosion = "rbxassetid://11984351",
		Charge = "rbxassetid://2101137",
		Beam = "rbxassetid://15090946",
		Thunder = "rbxassetid://12222084",
		Meteor = "rbxassetid://16433289",
		Shield = "rbxassetid://2785493",
		PowerUp = "rbxassetid://2101137",
		Dash = "rbxassetid://18435238",
		AOE = "rbxassetid://11984351",
		ComboFinish = "rbxassetid://11984351",
		PhaseTransition = "rbxassetid://19094700",
	},
	
	-- Name Tag Messages
	IdleMessages = {"John Doe"},
	GlitchMessages = {"NOHOPE", "GIVEUP", "BURNINHELL", "YOURENEXT", "NOESCAPING", "DARKNESS", "CONSUMED", "OBLIVION", "FORSAKEN", "INEVITABLE"},
	PhaseMessages = {
		[1] = "John Doe",
		[2] = "AWAKENED",
		[3] = "CORRUPTED JOHN DOE",
	},
}

--=============================================================--
--                    SERVICE REFERENCES                         --
--=============================================================--
local Players = game:GetService("Players")
local RunService = game:GetService("RunService")
local TweenService = game:GetService("TweenService")
local Debris = game:GetService("Debris")
local Lighting = game:GetService("Lighting")
local UserInputService = game:GetService("UserInputService")
local ReplicatedStorage = game:GetService("ReplicatedStorage")
local SoundService = game:GetService("SoundService")
local Workspace = game:GetService("Workspace")

--=============================================================--
--                    UTILITY FUNCTIONS                          --
--=============================================================--
local Utility = {}

function Utility.CreateInstance(className, parent, name, properties)
	local instance = Instance.new(className)
	if properties then
		for key, value in pairs(properties) do
			instance[key] = value
		end
	end
	if name then
		instance.Name = name
	end
	instance.Parent = parent
	return instance
end

function Utility.Lerp(a, b, t)
	return a + (b - a) * t
end

function Utility.LerpColor(c1, c2, t)
	return Color3.new(
		Utility.Lerp(c1.R, c2.R, t),
		Utility.Lerp(c1.G, c2.G, t),
		Utility.Lerp(c1.B, c2.B, t)
	)
end

function Utility.RandomVector3(min, max)
	return Vector3.new(
		math.random(min, max),
		math.random(min, max),
		math.random(min, max)
	)
end

function Utility.GetDistance(pos1, pos2)
	return (pos1 - pos2).Magnitude
end

function Utility.GetNearestPlayer(position, range, ignoreChar)
	local nearest = nil
	local nearestDist = range or math.huge
	for _, plr in pairs(Players:GetPlayers()) do
		if plr.Character and plr.Character ~= ignoreChar and plr.Character:FindFirstChild("Humanoid") and plr.Character.Humanoid.Health > 0 then
			local torso = plr.Character:FindFirstChild("Torso") or plr.Character:FindFirstChild("UpperTorso")
			if torso then
				local dist = Utility.GetDistance(position, torso.Position)
				if dist < nearestDist then
					nearest = plr.Character
					nearestDist = dist
				end
			end
		end
	end
	return nearest, nearestDist
end

function Utility.GetAllPlayersInRange(position, range, ignoreChar)
	local players = {}
	for _, plr in pairs(Players:GetPlayers()) do
		if plr.Character and plr.Character ~= ignoreChar and plr.Character:FindFirstChild("Humanoid") and plr.Character.Humanoid.Health > 0 then
			local torso = plr.Character:FindFirstChild("Torso") or plr.Character:FindFirstChild("UpperTorso")
			if torso then
				local dist = Utility.GetDistance(position, torso.Position)
				if dist <= range then
					table.insert(players, {Character = plr.Character, Distance = dist})
				end
			end
		end
	end
	return players
end

function Utility.Shake(intensity, duration)
	local shakeCoroutine = coroutine.wrap(function()
		local cam = game.Workspace.CurrentCamera
		local elapsed = 0
		while elapsed < duration do
			local dt = RunService.RenderStepped:Wait()
			elapsed = elapsed + dt
			local shakeOffset = CFrame.new(
				math.random(-intensity * 100, intensity * 100) / 100,
				math.random(-intensity * 100, intensity * 100) / 100,
				math.random(-intensity * 100, intensity * 100) / 100
			)
			cam.CFrame = cam.CFrame * shakeOffset
		end
	end)
	shakeCoroutine()
end

function Utility.CreateTween(instance, properties, duration, easingStyle, easingDirection)
	local tweenInfo = TweenInfo.new(
		duration or 1,
		easingStyle or Enum.EasingStyle.Quad,
		easingDirection or Enum.EasingDirection.Out
	)
	local tween = TweenService:Create(instance, tweenInfo, properties)
	return tween
end

function Utility.SafeDestroy(instance, delay)
	if instance then
		if delay and delay > 0 then
			Debris:AddItem(instance, delay)
		else
			instance:Destroy()
		end
	end
end

function Utility.CloneSound(soundTemplate, parent)
	local clone = soundTemplate:Clone()
	clone.Parent = parent or soundTemplate.Parent
	return clone
end

function Utility.FormatNumber(num)
	if num >= 1000000 then
		return string.format("%.1fM", num / 1000000)
	elseif num >= 1000 then
		return string.format("%.1fK", num / 1000)
	else
		return tostring(math.floor(num))
	end
end

function Utility.AngleBetween(cf1, cf2)
	local dot = cf1.LookVector:Dot((cf2.Position - cf1.Position).Unit)
	return math.acos(math.clamp(dot, -1, 1))
end

function Utility.BezierPoint(t, p0, p1, p2)
	local u = 1 - t
	return u * u * p0 + 2 * u * t * p1 + t * t * p2
end

function Utility.CreateBezierCurve(startPos, endPos, height, segments)
	local midPoint = (startPos + endPos) / 2 + Vector3.new(0, height, 0)
	local points = {}
	for i = 0, segments do
		local t = i / segments
		local point = Utility.BezierPoint(t, startPos, midPoint, endPos)
		table.insert(points, point)
	end
	return points
end

--=============================================================--
--                    STATE MANAGER                              --
--=============================================================--
local StateManager = {
	CurrentPhase = 1,
	IsAttacking = false,
	IsDashing = false,
	IsShielded = false,
	IsGrabbing = false,
	IsCharging = false,
	ComboCount = 0,
	LastAttackTime = 0,
	LastDashTime = 0,
	LastTeleportTime = 0,
	LastAOETime = 0,
	LastBeamTime = 0,
	LastShieldTime = 0,
	LastMeteorTime = 0,
	LastPillarTime = 0,
	KillCount = 0,
	TotalDamageDealt = 0,
	AbilitiesUsed = 0,
	TimeAlive = 0,
	Cooldowns = {},
}

function StateManager:SetCooldown(ability, duration)
	self.Cooldowns[ability] = tick() + duration
end

function StateManager:IsOnCooldown(ability)
	if self.Cooldowns[ability] then
		return tick() < self.Cooldowns[ability]
	end
	return false
end

function StateManager:GetCooldownRemaining(ability)
	if self.Cooldowns[ability] then
		local remaining = self.Cooldowns[ability] - tick()
		return remaining > 0 and remaining or 0
	end
	return 0
end

function StateManager:CanAttack()
	return not self.IsAttacking and not self.IsDashing and not self.IsGrabbing and not self.IsCharging
end

function StateManager:IncrementCombo()
	if tick() - self.LastAttackTime <= CONFIG.ComboWindow then
		self.ComboCount = math.min(self.ComboCount + 1, CONFIG.MaxCombo)
	else
		self.ComboCount = 1
	end
	self.LastAttackTime = tick()
end

function StateManager:ResetCombo()
	self.ComboCount = 0
end

function StateManager:GetComboDamageMultiplier()
	return 1 + (self.ComboCount * 0.15)
end

function StateManager:GetPhaseDamageMultiplier()
	if self.CurrentPhase == 1 then return 1
	elseif self.CurrentPhase == 2 then return 1.5
	elseif self.CurrentPhase == 3 then return 2.0
	end
	return 1
end

--=============================================================--
--                    PLAYER SETUP                               --
--=============================================================--
local player = Players.LocalPlayer
local chara = player.Character
local humanoid = chara:WaitForChild("Humanoid")
local rootPart = chara:WaitForChild("HumanoidRootPart")
local torso = chara:WaitForChild("Torso")
local head = chara:WaitForChild("Head")
local leftArm = chara:WaitForChild("Left Arm")
local rightArm = chara:WaitForChild("Right Arm")
local leftLeg = chara:WaitForChild("Left Leg")
local rightLeg = chara:WaitForChild("Right Leg")

-- Clean up character
local ch = chara:GetChildren()
for i = 1, #ch do
	if ch[i].Name == "Torso" then
		ch[i].roblox.Transparency = 1
	elseif ch[i].Name == "Head" then
		ch[i].face.Transparency = 1
		ch[i].Transparency = 1
	elseif ch[i].ClassName == "Accessory" or ch[i].ClassName == "Shirt" or ch[i].ClassName == "Pants" or ch[i].ClassName == "ShirtGraphic" then
		ch[i]:Destroy()
	end
end

leftArm.BrickColor = BrickColor.new("Cool yellow")
rightArm.BrickColor = BrickColor.new("Cool yellow")
leftLeg.BrickColor = BrickColor.new("Medium blue")
rightLeg.BrickColor = BrickColor.new("Medium blue")
torso.BrickColor = BrickColor.new("Bright yellow")

--=============================================================--
--                    INSTANCE CREATOR                           --
--=============================================================--
New = function(Object, Parent, Name, Data)
	local Object = Instance.new(Object)
	for Index, Value in pairs(Data or {}) do
		Object[Index] = Value
	end
	Object.Parent = Parent
	Object.Name = Name
	return Object
end

--=============================================================--
--                    PARTICLE EFFECTS SYSTEM                    --
--=============================================================--
local ParticleSystem = {}

function ParticleSystem.ScatterEff(part)
	local eff1 = Instance.new("ParticleEmitter",part)
	eff1.Size = NumberSequence.new(.1)
	eff1.Transparency = NumberSequence.new({NumberSequenceKeypoint.new(0,0),NumberSequenceKeypoint.new(.9,0),NumberSequenceKeypoint.new(1,1)})
	eff1.LightEmission = 1
	eff1.Lifetime = NumberRange.new(1)
	eff1.Speed = NumberRange.new(1)
	eff1.Rate = CONFIG.ParticleRate
	eff1.VelocitySpread = 10000
	eff1.Texture = "rbxassetid://347504241"
	eff1.Color = ColorSequence.new(CONFIG.PrimaryColor)
	local eff2 = Instance.new("ParticleEmitter",part)
	eff2.Size = NumberSequence.new(.1)
	eff2.Transparency = NumberSequence.new({NumberSequenceKeypoint.new(0,0),NumberSequenceKeypoint.new(.9,0),NumberSequenceKeypoint.new(1,1)})
	eff2.LightEmission = 1
	eff2.Lifetime = NumberRange.new(1)
	eff2.Speed = NumberRange.new(1)
	eff2.Rate = CONFIG.ParticleRate
	eff2.VelocitySpread = 10000
	eff2.Texture = "rbxassetid://347504259"
	eff2.Color = ColorSequence.new(CONFIG.PrimaryColor)
end

function ParticleSystem.BurningEff(part)
	local eff1 = Instance.new("ParticleEmitter",part)
	eff1.Size = NumberSequence.new(.1)
	eff1.Transparency = NumberSequence.new({NumberSequenceKeypoint.new(0,0),NumberSequenceKeypoint.new(.2,0),NumberSequenceKeypoint.new(1,1)})
	eff1.LightEmission = 1
	eff1.Lifetime = NumberRange.new(1)
	eff1.Speed = NumberRange.new(0)
	eff1.Rate = CONFIG.ParticleRate
	eff1.Texture = "rbxassetid://347504241"
	eff1.Acceleration = Vector3.new(0,10,0)
	eff1.Color = ColorSequence.new(CONFIG.PrimaryColor)
	local eff2 = Instance.new("ParticleEmitter",part)
	eff2.Size = NumberSequence.new(.1)
	eff2.Transparency = NumberSequence.new({NumberSequenceKeypoint.new(0,0),NumberSequenceKeypoint.new(.2,0),NumberSequenceKeypoint.new(1,1)})
	eff2.LightEmission = 1
	eff2.Lifetime = NumberRange.new(1)
	eff2.Speed = NumberRange.new(0)
	eff2.Rate = CONFIG.ParticleRate
	eff2.Texture = "rbxassetid://347504259"
	eff2.Acceleration = Vector3.new(0,10,0)
	eff2.Color = ColorSequence.new(CONFIG.PrimaryColor)
	local eff3 = Instance.new("ParticleEmitter",part)
	eff3.Size = NumberSequence.new(1)
	eff3.Transparency = NumberSequence.new({NumberSequenceKeypoint.new(0,0),NumberSequenceKeypoint.new(1,1)})
	eff3.LightEmission = 1
	eff3.Lifetime = NumberRange.new(1)
	eff3.Speed = NumberRange.new(0)
	eff3.Rate = CONFIG.ParticleRate
	eff3.Texture = "rbxasset://textures/particles/fire_main.dds"
	eff3.Acceleration = Vector3.new(0,10,0)
	eff3.Color = ColorSequence.new(CONFIG.PrimaryColor)
end

function ParticleSystem.DarkAura(part)
	local eff1 = Instance.new("ParticleEmitter", part)
	eff1.Size = NumberSequence.new({
		NumberSequenceKeypoint.new(0, 0),
		NumberSequenceKeypoint.new(0.5, 2),
		NumberSequenceKeypoint.new(1, 0)
	})
	eff1.Transparency = NumberSequence.new({
		NumberSequenceKeypoint.new(0, 0.5),
		NumberSequenceKeypoint.new(1, 1)
	})
	eff1.LightEmission = 0.5
	eff1.Lifetime = NumberRange.new(1, 2)
	eff1.Speed = NumberRange.new(1, 3)
	eff1.Rate = 50
	eff1.VelocitySpread = 360
	eff1.Texture = "rbxasset://textures/particles/smoke_main.dds"
	eff1.Color = ColorSequence.new(CONFIG.SecondaryColor, CONFIG.PrimaryColor)
	eff1.Rotation = NumberRange.new(0, 360)
	eff1.RotSpeed = NumberRange.new(-100, 100)
	return eff1
end

function ParticleSystem.LightningEffect(part)
	local eff = Instance.new("ParticleEmitter", part)
	eff.Size = NumberSequence.new({
		NumberSequenceKeypoint.new(0, 0.5),
		NumberSequenceKeypoint.new(0.1, 2),
		NumberSequenceKeypoint.new(0.2, 0.3),
		NumberSequenceKeypoint.new(0.5, 1.5),
		NumberSequenceKeypoint.new(1, 0)
	})
	eff.Transparency = NumberSequence.new({
		NumberSequenceKeypoint.new(0, 0),
		NumberSequenceKeypoint.new(0.5, 0),
		NumberSequenceKeypoint.new(1, 1)
	})
	eff.LightEmission = 1
	eff.Lifetime = NumberRange.new(0.2, 0.5)
	eff.Speed = NumberRange.new(5, 15)
	eff.Rate = 200
	eff.VelocitySpread = 180
	eff.Texture = "rbxassetid://347504241"
	eff.Color = ColorSequence.new(CONFIG.PrimaryColor)
	return eff
end

function ParticleSystem.ChargeEffect(part)
	local eff = Instance.new("ParticleEmitter", part)
	eff.Size = NumberSequence.new({
		NumberSequenceKeypoint.new(0, 3),
		NumberSequenceKeypoint.new(1, 0)
	})
	eff.Transparency = NumberSequence.new({
		NumberSequenceKeypoint.new(0, 1),
		NumberSequenceKeypoint.new(0.5, 0.3),
		NumberSequenceKeypoint.new(1, 1)
	})
	eff.LightEmission = 1
	eff.Lifetime = NumberRange.new(0.5, 1)
	eff.Speed = NumberRange.new(10, 20)
	eff.Rate = 150
	eff.VelocitySpread = 360
	eff.Texture = "rbxassetid://347504259"
	eff.Color = ColorSequence.new(CONFIG.TertiaryColor, CONFIG.PrimaryColor)
	eff.EmissionDirection = Enum.NormalId.Top
	return eff
end

function ParticleSystem.ExplosionEffect(position, color, size)
	local part = Instance.new("Part", Workspace)
	part.Size = Vector3.new(1, 1, 1)
	part.Position = position
	part.Anchored = true
	part.CanCollide = false
	part.Transparency = 1
	
	local explosion = Instance.new("ParticleEmitter", part)
	explosion.Size = NumberSequence.new({
		NumberSequenceKeypoint.new(0, 0),
		NumberSequenceKeypoint.new(0.3, size or 10),
		NumberSequenceKeypoint.new(1, 0)
	})
	explosion.Transparency = NumberSequence.new({
		NumberSequenceKeypoint.new(0, 0),
		NumberSequenceKeypoint.new(0.5, 0.3),
		NumberSequenceKeypoint.new(1, 1)
	})
	explosion.LightEmission = 1
	explosion.Lifetime = NumberRange.new(0.5, 1)
	explosion.Speed = NumberRange.new(20, 40)
	explosion.Rate = 500
	explosion.VelocitySpread = 360
	explosion.Texture = "rbxasset://textures/particles/fire_main.dds"
	explosion.Color = ColorSequence.new(color or CONFIG.PrimaryColor)
	
	local ring = Instance.new("ParticleEmitter", part)
	ring.Size = NumberSequence.new({
		NumberSequenceKeypoint.new(0, 0),
		NumberSequenceKeypoint.new(0.5, (size or 10) * 1.5),
		NumberSequenceKeypoint.new(1, 0)
	})
	ring.Transparency = NumberSequence.new({
		NumberSequenceKeypoint.new(0, 0.3),
		NumberSequenceKeypoint.new(1, 1)
	})
	ring.LightEmission = 1
	ring.Lifetime = NumberRange.new(0.3, 0.6)
	ring.Speed = NumberRange.new(30, 50)
	ring.Rate = 300
	ring.VelocitySpread = 360
	ring.Texture = "rbxassetid://347504241"
	ring.Color = ColorSequence.new(color or CONFIG.PrimaryColor)
	
	coroutine.wrap(function()
		wait(0.2)
		explosion.Enabled = false
		ring.Enabled = false
		wait(1.5)
		part:Destroy()
	end)()
end

function ParticleSystem.TrailEffect(part, color, lifetime)
	local attachment0 = Instance.new("Attachment", part)
	attachment0.Position = Vector3.new(0, 0.5, 0)
	local attachment1 = Instance.new("Attachment", part)
	attachment1.Position = Vector3.new(0, -0.5, 0)
	
	local trail = Instance.new("Trail", part)
	trail.Attachment0 = attachment0
	trail.Attachment1 = attachment1
	trail.Color = ColorSequence.new(color or CONFIG.PrimaryColor, Color3.new(0, 0, 0))
	trail.Transparency = NumberSequence.new({
		NumberSequenceKeypoint.new(0, 0),
		NumberSequenceKeypoint.new(0.5, 0.3),
		NumberSequenceKeypoint.new(1, 1)
	})
	trail.Lifetime = lifetime or 0.5
	trail.LightEmission = 1
	trail.MinLength = 0.1
	trail.WidthScale = NumberSequence.new({
		NumberSequenceKeypoint.new(0, 1),
		NumberSequenceKeypoint.new(1, 0)
	})
	
	return trail, attachment0, attachment1
end

function ParticleSystem.SpiralEffect(centerPart, duration, color)
	coroutine.wrap(function()
		local elapsed = 0
		local angle = 0
		while elapsed < duration do
			local dt = wait(0.03)
			elapsed = elapsed + dt
			angle = angle + 10
			
			local radius = 3 + math.sin(elapsed * 2) * 2
			local x = math.cos(math.rad(angle)) * radius
			local z = math.sin(math.rad(angle)) * radius
			local y = math.sin(elapsed * 5) * 2
			
			local particle = Instance.new("Part", Workspace)
			particle.Size = Vector3.new(0.3, 0.3, 0.3)
			particle.Shape = Enum.PartType.Ball
			particle.Material = Enum.Material.Neon
			particle.BrickColor = BrickColor.new("Really red")
			particle.Anchored = true
			particle.CanCollide = false
			particle.Position = centerPart.Position + Vector3.new(x, y, z)
			
			coroutine.wrap(function()
				for i = 1, 10 do
					wait(0.05)
					particle.Transparency = particle.Transparency + 0.1
					particle.Size = particle.Size - Vector3.new(0.03, 0.03, 0.03)
				end
				particle:Destroy()
			end)()
		end
	end)()
end

function ParticleSystem.GroundCrack(position, size, color)
	for i = 1, 8 do
		local angle = (i / 8) * math.pi * 2
		local crack = Instance.new("Part", Workspace)
		crack.Size = Vector3.new(size * 0.3, 0.2, size)
		crack.Material = Enum.Material.Neon
		crack.BrickColor = BrickColor.new("Really red")
		crack.Anchored = true
		crack.CanCollide = false
		crack.CFrame = CFrame.new(position) * CFrame.Angles(0, angle, 0) * CFrame.new(0, 0, -size / 2)
		
		ParticleSystem.BurningEff(crack)
		
		coroutine.wrap(function()
			wait(0.5)
			for j = 1, 20 do
				wait(0.05)
				crack.Transparency = crack.Transparency + 0.05
			end
			crack:Destroy()
		end)()
	end
end

function ParticleSystem.ShockwaveEffect(position, maxRadius, color)
	local ring = Instance.new("Part", Workspace)
	ring.Shape = Enum.PartType.Cylinder
	ring.Size = Vector3.new(0.2, 1, 1)
	ring.Material = Enum.Material.Neon
	ring.BrickColor = BrickColor.new("Really red")
	ring.Anchored = true
	ring.CanCollide = false
	ring.CFrame = CFrame.new(position) * CFrame.Angles(0, 0, math.rad(90))
	
	local tween = Utility.CreateTween(ring, {
		Size = Vector3.new(0.2, maxRadius * 2, maxRadius * 2),
		Transparency = 1
	}, 1, Enum.EasingStyle.Quad, Enum.EasingDirection.Out)
	tween:Play()
	
	tween.Completed:Connect(function()
		ring:Destroy()
	end)
end

function ParticleSystem.VortexEffect(position, duration, radius)
	coroutine.wrap(function()
		local particles = {}
		local elapsed = 0
		
		for i = 1, 30 do
			local p = Instance.new("Part", Workspace)
			p.Size = Vector3.new(0.5, 0.5, 0.5)
			p.Shape = Enum.PartType.Ball
			p.Material = Enum.Material.Neon
			p.BrickColor = BrickColor.new("Really red")
			p.Anchored = true
			p.CanCollide = false
			p.Transparency = 0.3
			table.insert(particles, {part = p, angle = (i / 30) * math.pi * 2, height = math.random(-5, 5)})
		end
		
		while elapsed < duration do
			local dt = wait(0.03)
			elapsed = elapsed + dt
			
			for _, data in pairs(particles) do
				data.angle = data.angle + 5 * dt
				local r = radius * (1 - elapsed / duration)
				local x = math.cos(data.angle) * r
				local z = math.sin(data.angle) * r
				data.part.Position = position + Vector3.new(x, data.height + math.sin(elapsed * 3) * 2, z)
				data.part.Transparency = elapsed / duration
			end
		end
		
		for _, data in pairs(particles) do
			data.part:Destroy()
		end
	end)()
end

--=============================================================--
--                    OUTFIT SYSTEM                              --
--=============================================================--
-- (keeping original outfit code)
function ScatterEff(part)
	ParticleSystem.ScatterEff(part)
end

function BurningEff(part)
	ParticleSystem.BurningEff(part)
end

FakeHead = New("Model",chara,"FakeHead",{})
MainPart = New("Part",FakeHead,"MainPart",{FormFactor = Enum.FormFactor.Symmetric,Size = Vector3.new(2, 1, 1),CFrame = CFrame.new(2.29537678, 7.81603718, 0.746068954, 0.00980896503, 0.00110200304, 0.999957919, -0.000536994543, 1.00000548, -0.00109680078, -0.99994874, -0.0005262224, 0.00980964955),CanCollide = false,TopSurface = Enum.SurfaceType.Smooth,})
Mesh = New("SpecialMesh",MainPart,"Mesh",{Scale = Vector3.new(1.25, 1.25, 1.25),})
face = New("Decal",MainPart,"face",{Texture = "rbxasset://textures/face.png",})
Weld = New("ManualWeld",MainPart,"Weld",{Part0 = MainPart,Part1 = chara.Head,C0 = CFrame.new(0, 0, 0, 0.00980896503, -0.000536994543, -0.99994874, 0.00110200304, 1.00000548, -0.0005262224, 0.999957919, -0.00109680078, 0.00980964955),C1 = CFrame.new(5.96046448e-008, -8.58306885e-006, 0, 0.00980896503, -0.000536994543, -0.99994874, 0.00110200304, 1.00000548, -0.0005262224, 0.999957919, -0.00109680078, 0.00980964955),})
FakeHead.MainPart.BrickColor = BrickColor.new("Cool yellow")
EyeFire = New("Part",FakeHead,"EyeFire",{BrickColor = BrickColor.new("Really red"),Material = Enum.Material.Neon,Size = Vector3.new(0.400000006, 0.200000003, 0.200000003),CFrame = CFrame.new(1.69668579, 8.11665249, 0.640022159, -0.00107900088, 0.999958038, -0.00980941113, -1.0000056, -0.00107390946, 0.000525554642, 0.000515007298, 0.00981007144, 0.999948859),CanCollide = false,Color = Color3.new(1, 0, 0),})
Mesh = New("CylinderMesh",EyeFire,"Mesh",{Offset = Vector3.new(0.0500000007, 0, -0.0399999991),Scale = Vector3.new(1, 0.150000006, 1),})
Weld = New("ManualWeld",EyeFire,"Weld",{Part0 = EyeFire,Part1 = MainPart,C0 = CFrame.new(0, 0, 0, -0.0010790003, -0.999999344, 0.000515000196, 0.999951363, -0.0010738963, 0.00981000345, -0.00980944186, 0.000525560055, 0.99995178),C1 = CFrame.new(0.100008011, 0.300009251, -0.600027919, 0.00980899762, -0.000536999898, -0.99995178, 0.00110200245, 0.999999344, -0.000526215415, 0.999951363, -0.00109678751, 0.00980958249),})

-- Second Eye Fire for Phase 2+
EyeFire2 = New("Part",FakeHead,"EyeFire2",{BrickColor = BrickColor.new("Really red"),Material = Enum.Material.Neon,Size = Vector3.new(0.400000006, 0.200000003, 0.200000003),CFrame = CFrame.new(1.69668579, 8.11665249, 0.640022159, -0.00107900088, 0.999958038, -0.00980941113, -1.0000056, -0.00107390946, 0.000525554642, 0.000515007298, 0.00981007144, 0.999948859),CanCollide = false,Color = Color3.new(1, 0, 0),Transparency = 1})
Mesh = New("CylinderMesh",EyeFire2,"Mesh",{Offset = Vector3.new(0.0500000007, 0, 0.25),Scale = Vector3.new(1, 0.150000006, 1),})
Weld = New("ManualWeld",EyeFire2,"Weld",{Part0 = EyeFire2,Part1 = MainPart,C0 = CFrame.new(0, 0, 0, -0.0010790003, -0.999999344, 0.000515000196, 0.999951363, -0.0010738963, 0.00981000345, -0.00980944186, 0.000525560055, 0.99995178),C1 = CFrame.new(0.100008011, 0.300009251, -0.600027919, 0.00980899762, -0.000536999898, -0.99995178, 0.00110200245, 0.999999344, -0.000526215415, 0.999951363, -0.00109678751, 0.00980958249),})

Chest = New("Model",chara,"Chest",{})
MainPart = New("Part",Chest,"MainPart",{Transparency = 1,Transparency = 1,FormFactor = Enum.FormFactor.Symmetric,Size = Vector3.new(2, 2, 1),CFrame = CFrame.new(2.2937007, 6.31611967, 0.746871948, 0.00980956201, 0.00110224239, 0.999954581, -0.000537135813, 1.00000238, -0.00109703222, -0.99995023, -0.000526354474, 0.00981019717),CanCollide = false,LeftSurface = Enum.SurfaceType.Weld,RightSurface = Enum.SurfaceType.Weld,})
Weld = New("ManualWeld",MainPart,"Weld",{Part0 = MainPart,Part1 = chara.Torso,C0 = CFrame.new(0, 0, 0, 0.009809535, -0.000537137908, -0.99994725, 0.00110225554, 1.00000858, -0.000526368851, 0.999961257, -0.00109705783, 0.00981026888),C1 = CFrame.new(5.96046448e-008, -9.05990601e-006, -2.38418579e-007, 0.00980956666, -0.000537143264, -0.99995023, 0.00110225484, 1.00000238, -0.000526361808, 0.999954581, -0.00109704456, 0.00981020182),})
CorruptedPart = New("Part",Chest,"CorruptedPart",{BrickColor = BrickColor.new("Really black"),Material = Enum.Material.Granite,Size = Vector3.new(0.400000006, 0.800000072, 1),CFrame = CFrame.new(2.28977966, 7.11656427, 1.34486222, -0.00110228383, -0.00980954897, -0.9999578, -1.00000536, 0.000536905834, 0.00109708123, 0.000526248943, 0.99994868, -0.00981033035),CanCollide = false,BackSurface = Enum.SurfaceType.SmoothNoOutlines,BottomSurface = Enum.SurfaceType.SmoothNoOutlines,FrontSurface = Enum.SurfaceType.SmoothNoOutlines,LeftSurface = Enum.SurfaceType.SmoothNoOutlines,RightSurface = Enum.SurfaceType.SmoothNoOutlines,TopSurface = Enum.SurfaceType.SmoothNoOutlines,Color = Color3.new(0.0666667, 0.0666667, 0.0666667),})
Mesh = New("BlockMesh",CorruptedPart,"Mesh",{Scale = Vector3.new(1.10000002, 1.10000002, 1.10000002),})
Weld = New("ManualWeld",CorruptedPart,"Weld",{Part0 = CorruptedPart,Part1 = MainPart,C0 = CFrame.new(0, 0, 0, -0.0011022957, -0.999999225, 0.000526249292, -0.00980958622, 0.000536918582, 0.99995172, -0.999951243, 0.0010970803, -0.00981026702),C1 = CFrame.new(-0.598430753, 0.800122261, 0.00106739998, 0.00980956666, -0.000537143264, -0.99995023, 0.00110225484, 1.00000238, -0.000526361808, 0.999954581, -0.00109704456, 0.00981020182),})
CorruptedPart = New("Part",Chest,"CorruptedPart",{BrickColor = BrickColor.new("Really black"),Material = Enum.Material.Granite,Size = Vector3.new(0.400000006, 0.400000066, 1),CFrame = CFrame.new(2.29174757, 6.71645212, 1.54485857, -0.00110228383, -0.00980954897, -0.9999578, -1.00000536, 0.000536905834, 0.00109708123, 0.000526248943, 0.99994868, -0.00981033035),CanCollide = false,BackSurface = Enum.SurfaceType.SmoothNoOutlines,BottomSurface = Enum.SurfaceType.SmoothNoOutlines,FrontSurface = Enum.SurfaceType.SmoothNoOutlines,LeftSurface = Enum.SurfaceType.SmoothNoOutlines,RightSurface = Enum.SurfaceType.SmoothNoOutlines,TopSurface = Enum.SurfaceType.SmoothNoOutlines,Color = Color3.new(0.0666667, 0.0666667, 0.0666667),})
Mesh = New("BlockMesh",CorruptedPart,"Mesh",{Scale = Vector3.new(1.10000002, 1.10000002, 1.10000002),})
Weld = New("ManualWeld",CorruptedPart,"Weld",{Part0 = CorruptedPart,Part1 = MainPart,C0 = CFrame.new(0, 0, 0, -0.0011022957, -0.999999225, 0.000526249292, -0.00980958622, 0.000536918582, 0.99995172, -0.999951243, 0.0010970803, -0.00981026702),C1 = CFrame.new(-0.798183441, 0.399908543, 0.00543618202, 0.00980956666, -0.000537143264, -0.99995023, 0.00110225484, 1.00000238, -0.000526361808, 0.999954581, -0.00109704456, 0.00981020182),})

LeftArm = New("Model",chara,"LeftArm",{})
MainPart = New("Part",LeftArm,"MainPart",{Transparency = 1,Transparency = 1,FormFactor = Enum.FormFactor.Symmetric,Size = Vector3.new(1, 2, 1),CFrame = CFrame.new(1.90889204, 6.31596565, 3.24640989, -0.0484240092, -0.0324009918, 0.998301268, -0.00117100019, 0.999474883, 0.0323822871, -0.998826265, 0.000399069104, -0.0484365262),CanCollide = false,})
Weld = New("ManualWeld",MainPart,"Weld",{Part0 = MainPart,Part1 = chara["Left Arm"],C0 = CFrame.new(0, 0, 0, -0.0484240092, -0.00117100019, -0.998826265, -0.0324009918, 0.999474883, 0.000399069104, 0.998301268, 0.0323822871, -0.0484365262),C1 = CFrame.new(0, -8.10623169e-006, -2.38418579e-007, -0.0484240092, -0.00117100019, -0.998826265, -0.0324009918, 0.999474883, 0.000399069104, 0.998301268, 0.0323822871, -0.0484365262),})

EffCorruptedPart = New("Part",LeftArm,"EffCorruptedPart",{BrickColor = BrickColor.new("Really black"),Material = Enum.Material.Granite,Size = Vector3.new(1, 1, 1),CFrame = CFrame.new(1.92512023, 5.81624889, 3.24619365, -0.048417028, -0.0324150361, 0.998301387, -0.00116700074, 0.999474525, 0.03239654, -0.998826742, 0.000403525919, -0.0484294258),CanCollide = false,BackSurface = Enum.SurfaceType.SmoothNoOutlines,BottomSurface = Enum.SurfaceType.SmoothNoOutlines,FrontSurface = Enum.SurfaceType.SmoothNoOutlines,LeftSurface = Enum.SurfaceType.SmoothNoOutlines,RightSurface = Enum.SurfaceType.SmoothNoOutlines,TopSurface = Enum.SurfaceType.SmoothNoOutlines,Color = Color3.new(0.0666667, 0.0666667, 0.0666667),})
Mesh = New("BlockMesh",EffCorruptedPart,"Mesh",{Scale = Vector3.new(1.10000002, 1.10000002, 1.10000002),})
Weld = New("ManualWeld",EffCorruptedPart,"Weld",{Part0 = EffCorruptedPart,Part1 = MainPart,C0 = CFrame.new(0, 0, 0, -0.048417028, -0.00116700074, -0.998826623, -0.0324150361, 0.999474466, 0.000403525832, 0.998301208, 0.0323965363, -0.0484294109),C1 = CFrame.new(1.52587891e-005, -0.49998045, 2.90870667e-005, -0.0484240092, -0.00117100019, -0.998826265, -0.0324009918, 0.999474883, 0.000399069104, 0.998301268, 0.0323822871, -0.0484365262),})

BurningEff(EffCorruptedPart)

LeftLeg = New("Model",chara,"LeftLeg",{})
MainPart = New("Part",LeftLeg,"MainPart",{Transparency = 1,Transparency = 1,FormFactor = Enum.FormFactor.Symmetric,Size = Vector3.new(1, 2, 1),CFrame = CFrame.new(2.2865479, 1.31659603, 1.24781799, 0.00980953407, 0.00110225566, 0.999961138, -0.000537137908, 1.00000858, -0.00109705783, -0.99994719, -0.000526368851, 0.00981026888),CanCollide = false,BottomSurface = Enum.SurfaceType.Smooth,})
Weld = New("ManualWeld",MainPart,"Weld",{Part0 = MainPart,Part1 = chara["Left Leg"],C0 = CFrame.new(0, 0, 0, 0.00980953407, -0.000537137908, -0.99994719, 0.00110225566, 1.00000858, -0.000526368851, 0.999961138, -0.00109705783, 0.00981026888),C1 = CFrame.new(0, -8.58306885e-006, -2.38418579e-007, 0.00980953407, -0.000537137908, -0.99994719, 0.00110225566, 1.00000858, -0.000526368851, 0.999961138, -0.00109705783, 0.00981026888),})
EffCorruptedPart2 = New("Part",LeftLeg,"EffCorruptedPart",{BrickColor = BrickColor.new("Really black"),Material = Enum.Material.Granite,Size = Vector3.new(1, 0.200000048, 1),CFrame = CFrame.new(2.28007793, 0.400032878, 1.25993299, 1.00001979, -3.03611159e-007, -5.47617674e-007, 5.67175448e-007, 1.00001717, -5.60779881e-007, -1.86450779e-006, 9.50574758e-007, 0.99998951),CanCollide = false,BackSurface = Enum.SurfaceType.SmoothNoOutlines,BottomSurface = Enum.SurfaceType.SmoothNoOutlines,FrontSurface = Enum.SurfaceType.SmoothNoOutlines,LeftSurface = Enum.SurfaceType.SmoothNoOutlines,RightSurface = Enum.SurfaceType.SmoothNoOutlines,TopSurface = Enum.SurfaceType.SmoothNoOutlines,Color = Color3.new(0.0666667, 0.0666667, 0.0666667),})
Mesh = New("BlockMesh",EffCorruptedPart2,"Mesh",{Scale = Vector3.new(1.10000002, 1.10000002, 1.10000002),})
Weld = New("ManualWeld",EffCorruptedPart2,"Weld",{Part0 = EffCorruptedPart2,Part1 = MainPart,C0 = CFrame.new(0, 0, 0, 1, 5.86369708e-007, -2.15602267e-006, -2.8440752e-007, 0.999998569, 9.76819592e-007, -8.39119252e-007, -5.34477465e-007, 0.999998569),C1 = CFrame.new(-0.0116856098, -0.916567385, -0.00534534454, 0.00980953407, -0.000537137908, -0.99994719, 0.00110225566, 1.00000858, -0.000526368851, 0.999961138, -0.00109705783, 0.00981026888),})

ScatterEff(EffCorruptedPart2)

RightArm = New("Model",chara,"RightArm",{})
MainPart = New("Part",RightArm,"MainPart",{Transparency = 1,Transparency = 1,FormFactor = Enum.FormFactor.Symmetric,Size = Vector3.new(1, 2, 1),CFrame = CFrame.new(2.011096, 6.31690788, -3.92582893, 0.00918400101, -0.262283146, 0.964947343, 0.259330034, 0.932596445, 0.251021653, -0.965745091, 0.247934431, 0.0765828639),CanCollide = false,})
Weld = New("ManualWeld",MainPart,"Weld",{Part0 = MainPart,Part1 = chara["Right Arm"],C0 = CFrame.new(0, 0, 0, 0.00918400101, 0.259330034, -0.965745091, -0.262283146, 0.932596445, 0.247934431, 0.964947343, 0.251021653, 0.0765828639),C1 = CFrame.new(-2.86102295e-006, -9.05990601e-006, -2.38418579e-006, 0.00918400101, 0.259330034, -0.965745091, -0.262283146, 0.932596445, 0.247934431, 0.964947343, 0.251021653, 0.0765828639),})
Hitbox = New("Part",RightArm,"Hitbox",{BrickColor = BrickColor.new("Really black"),Transparency = 1,Transparency = 1,Size = Vector3.new(1, 4, 1),CFrame = CFrame.new(22.2733669, 5.0842762, -22.1737366, -0.964945257, -0.262290984, 0.00919180829, -0.251027077, 0.93259424, 0.259333313, -0.0765930116, 0.247935042, -0.965744138),CanCollide = false,BackSurface = Enum.SurfaceType.SmoothNoOutlines,BottomSurface = Enum.SurfaceType.SmoothNoOutlines,FrontSurface = Enum.SurfaceType.SmoothNoOutlines,LeftSurface = Enum.SurfaceType.SmoothNoOutlines,RightSurface = Enum.SurfaceType.SmoothNoOutlines,TopSurface = Enum.SurfaceType.SmoothNoOutlines,Color = Color3.new(0.0666667, 0.0666667, 0.0666667),})
Weld = New("ManualWeld",Hitbox,"Weld",{Part0 = Hitbox,Part1 = MainPart,C0 = CFrame.new(0, 0, 0, -0.964945257, -0.251027077, -0.0765930116, -0.262290984, 0.93259424, 0.247935042, 0.00919180829, 0.259333313, -0.965744138),C1 = CFrame.new(-1.52587891e-005, -1.00003147, -1.71661377e-005, 0.0091838371, 0.259330064, -0.965745151, -0.262283117, 0.932596445, 0.247934505, 0.964947283, 0.251021653, 0.0765827149),})
CorruptedPart = New("Part",RightArm,"CorruptedPart",{BrickColor = BrickColor.new("Really black"),Material = Enum.Material.Granite,Size = Vector3.new(1, 2, 1),CFrame = CFrame.new(2.011096, 6.3169179, -3.92581391, -0.964945257, -0.262290984, 0.00919180829, -0.251027077, 0.93259424, 0.259333313, -0.0765930116, 0.247935042, -0.965744138),CanCollide = false,BackSurface = Enum.SurfaceType.SmoothNoOutlines,BottomSurface = Enum.SurfaceType.SmoothNoOutlines,FrontSurface = Enum.SurfaceType.SmoothNoOutlines,LeftSurface = Enum.SurfaceType.SmoothNoOutlines,RightSurface = Enum.SurfaceType.SmoothNoOutlines,TopSurface = Enum.SurfaceType.SmoothNoOutlines,Color = Color3.new(0.0666667, 0.0666667, 0.0666667),})
Mesh = New("BlockMesh",CorruptedPart,"Mesh",{Scale = Vector3.new(1.10000002, 1.10000002, 1.10000002),})
Weld = New("ManualWeld",CorruptedPart,"Weld",{Part0 = CorruptedPart,Part1 = MainPart,C0 = CFrame.new(0, 0, 0, -0.964945138, -0.251027018, -0.0765930042, -0.262290984, 0.932594121, 0.247935027, 0.00919180084, 0.259333313, -0.965744197),C1 = CFrame.new(-1.1920929e-005, 1.28746033e-005, 3.57627869e-006, 0.00918400101, 0.259330034, -0.965745091, -0.262283146, 0.932596445, 0.247934431, 0.964947343, 0.251021653, 0.0765828639),})

RightLeg = New("Model",chara,"RightLeg",{})
MainPart = New("Part",RightLeg,"MainPart",{Transparency = 1,Transparency = 1,FormFactor = Enum.FormFactor.Symmetric,Size = Vector3.new(1, 2, 1),CFrame = CFrame.new(2.29641008, 1.31540966, 0.248092994, 0.00933599845, 0.00110999751, 0.999955773, -0.0030579993, 0.999994755, -0.00108149007, -0.99995178, -0.0030477671, 0.00933934376),CanCollide = false,BottomSurface = Enum.SurfaceType.Smooth,})
Weld = New("ManualWeld",MainPart,"Weld",{Part0 = MainPart,Part1 = chara["Right Leg"],C0 = CFrame.new(0, 0, 0, 0.00933599845, -0.0030579993, -0.99995178, 0.00110999751, 0.999994755, -0.0030477671, 0.999955773, -0.00108149007, 0.00933934376),C1 = CFrame.new(2.98023224e-008, -8.58306885e-006, 2.38418579e-007, 0.00933599845, -0.0030579993, -0.99995178, 0.00110999751, 0.999994755, -0.0030477671, 0.999955773, -0.00108149007, 0.00933934376),})
EffCorruptedPart3 = New("Part",RightLeg,"EffCorruptedPart",{BrickColor = BrickColor.new("Really black"),Material = Enum.Material.Granite,Size = Vector3.new(1, 1.20000005, 1),CFrame = CFrame.new(2.29597116, 0.915416002, 0.249298006, 0.999955714, 0.00111051137, -0.00933665317, -0.00108199974, 0.999994755, 0.00305824191, 0.00933999754, -0.00304800365, 0.999951899),CanCollide = false,BackSurface = Enum.SurfaceType.SmoothNoOutlines,BottomSurface = Enum.SurfaceType.SmoothNoOutlines,FrontSurface = Enum.SurfaceType.SmoothNoOutlines,LeftSurface = Enum.SurfaceType.SmoothNoOutlines,RightSurface = Enum.SurfaceType.SmoothNoOutlines,TopSurface = Enum.SurfaceType.SmoothNoOutlines,Color = Color3.new(0.0666667, 0.0666667, 0.0666667),})
Mesh = New("BlockMesh",EffCorruptedPart3,"Mesh",{Scale = Vector3.new(1.10000002, 1.10000002, 1.10000002),})
Weld = New("ManualWeld",EffCorruptedPart3,"Weld",{Part0 = EffCorruptedPart3,Part1 = MainPart,C0 = CFrame.new(0, 0, 0, 0.999955773, -0.00108199974, 0.00933999848, 0.00111051148, 0.999994755, -0.00304800388, -0.00933665223, 0.00305824145, 0.99995178),C1 = CFrame.new(1.41263008e-005, -0.399995744, 5.00679016e-006, 0.00933599845, -0.0030579993, -0.99995178, 0.00110999751, 0.999994755, -0.0030477671, 0.999955773, -0.00108149007, 0.00933934376),})

ScatterEff(EffCorruptedPart3)

sa = RightArm:GetChildren()
for i = 1, #sa do
	ScatterEff(sa[i])
end

--=============================================================--
--                    EYE FIRE EFFECTS                           --
